x1 <- bienestar
x2 <- emocional
x3 <- social
y <- promedio
y	x1	x2	x3
79	55	55	50
68	68	73	50
70	63	69	49
67	75	66	47
72	69	70	77
59	62	74	47
69	85	87	53
75	55	40	54
78	52	50	61
75	67	84	70
79	51	61	44
73	59	93	84
69	43	80	17
74	53	60	35
74	55	70	43
74	58	65	31
71	56	72	22
69	69	67	79
79	46	58	55
78	58	51	45
76	60	70	33
76	61	70	61
80	44	57	87
80	74	67	42
72	74	61	56
70	66	63	60
77	77	56	77
76	48	73	51
71	72	82	44
73	76	65	54
75	65	73	73
78	70	76	64
66	53	61	42
73	70	60	48
70	42	69	37
79	70	79	40
79	53	75	48
75	68	57	51
75	56	74	43
73	56	62	53
73	76	76	33
78	42	55	41
68	71	48	43
67	71	59	39
74	75	50	40
70	69	76	72
76	73	66	37
73	55	72	24
67	75	64	49
76	49	68	63
82	60	60	62
79	47	66	37
75	46	75	49
80	59	67	49
76	57	61	15
77	53	61	55
74	56	76	39
80	55	65	62
72	68	61	57
76	33	72	50
67	66	65	69
68	66	49	52
72	47	63	59
75	53	62	37
70	68	64	24
74	61	73	58
68	61	63	60
79	62	54	60
86	53	71	51
76	56	65	40
73	46	80	13
81	73	68	68
76	54	71	20
74	41	60	61
81	47	51	17
73	42	67	50
79	63	77	61
81	48	62	36
81	72	66	31
78	54	71	64
69	52	75	55
83	52	57	32
79	55	66	47
69	52	68	57
63	61	61	41
77	68	77	49
81	78	73	55
81	43	80	78
88	68	46	40
74	81	47	47
78	75	52	57
75	56	67	77
76	50	43	78
72	66	61	48
88	69	60	63
71	49	70	49
65	40	58	40
78	62	79	40
75	73	75	45
76	56	67	23
73	67	59	23
68	64	74	29
70	49	64	60
75	55	72	65
79	93	66	48
79	82	47	50
77	54	58	75
71	70	61	78
75	57	72	37
80	52	72	55
77	47	48	49
69	52	69	57
64	41	58	84
72	48	84	59
74	66	71	45
67	68	68	47
75	58	69	66
75	61	48	56
78	54	71	76
69	53	65	25
72	60	66	46
77	59	62	48
68	36	57	42
71	57	60	56
80	66	50	66
72	60	59	56
65	59	74	68
80	58	58	45
66	59	69	41
83	54	52	53
79	71	75	78
74	56	69	30
74	62	45	60
64	71	69	73
66	64	67	42
73	56	70	56
76	51	49	58
79	57	65	55
67	80	76	65
74	61	70	47
82	42	76	31
75	68	61	47
81	60	80	38
79	64	51	49
76	70	66	51
77	78	59	64
77	61	77	55
69	55	61	29
65	57	79	46
79	70	76	49
74	35	60	64
68	64	49	47
68	71	82	64
68	61	74	38
77	63	60	48
71	74	59	65
69	67	58	35
69	56	66	30
68	54	55	66
64	51	56	58
71	68	66	79
65	60	60	34
71	70	62	57
67	76	67	45
64	52	76	31
79	69	68	72
67	59	65	69
83	64	67	35
67	59	50	54
72	72	53	65
68	59	71	35
75	72	75	51
73	62	55	55
67	88	68	42
69	47	56	43
75	71	61	43
72	63	69	56
73	68	60	28
79	54	54	36
79	71	77	31
64	53	63	52
68	50	73	19
74	71	55	39
80	63	60	44
72	63	59	63
70	57	50	54
75	37	69	61
80	56	73	45
78	54	68	46
73	63	72	47
77	39	85	60
81	68	67	69
71	45	46	45
73	66	73	55
71	66	56	71
69	72	67	66
75	51	61	41
81	49	82	55
73	73	68	39
76	47	55	29
76	53	68	72
73	48	77	30
63	69	63	48
69	61	64	44
76	46	60	67
76	59	50	27
77	61	76	27
65	51	52	66
71	65	66	57
72	56	73	29
75	69	67	61
71	49	70	37
74	47	68	60
80	51	60	77
78	63	68	59
77	47	54	56
70	63	68	65
76	64	74	45
79	63	77	64
78	65	47	49
65	63	65	34
73	56	64	57
77	49	80	49
82	46	61	40
70	66	63	61
79	66	84	63
79	49	76	62
80	63	62	33
73	64	65	62
66	61	76	50
76	57	68	28
81	58	56	56
68	59	62	56
72	43	64	49
73	46	83	67
79	57	56	46
69	51	66	42
71	57	60	46
72	66	59	55
76	62	62	57
71	47	65	57
76	57	65	79
75	31	69	45
76	67	64	42
82	52	57	41
69	51	83	38
71	71	56	54
86	59	78	43
77	60	68	42
76	54	64	23
82	61	68	67
68	57	78	38
74	52	63	66
69	61	41	49
76	56	60	45
77	61	55	69
67	83	68	52
76	67	76	43
70	74	59	61
70	52	69	60
68	65	66	58
69	66	70	65
74	67	35	69
73	78	72	27
82	71	71	52
77	84	55	53
74	83	67	41
76	64	60	63
67	58	74	78
77	40	70	36
72	62	63	45
70	54	58	57
80	47	55	51
67	72	61	55
77	68	58	60
73	68	66	43
77	49	54	42
77	75	65	36
75	81	80	52
73	68	69	69
67	69	81	60
72	72	68	50
76	68	73	20
69	74	47	21
80	58	63	28
74	54	59	66
83	43	62	42
70	42	52	42
69	56	74	48
66	39	53	38
74	70	70	47
65	78	67	48
79	61	70	50
73	50	58	54
72	54	63	53
72	62	66	46
62	50	71	48
76	52	62	46
70	61	59	44
75	68	64	53
65	51	62	45
67	55	59	57
76	44	64	56
75	55	69	48
74	59	80	57
82	82	59	40
78	65	69	45
76	64	70	21
68	70	59	32
69	39	68	75
73	56	78	57
80	49	61	60
67	43	54	52
72	63	72	73
71	71	68	56
74	67	57	38
77	71	62	80
68	77	68	37
69	70	74	40
72	53	53	60
78	48	73	85
73	29	58	45
81	67	59	36
73	73	81	46
71	63	55	34
80	61	69	51
71	59	56	47
77	64	72	70
76	63	57	78
71	49	73	40
63	83	72	59
74	63	63	42
81	65	63	53
67	75	65	37
75	63	64	48
68	59	64	32
80	52	76	35
73	70	85	57
73	68	76	77
72	44	56	46
73	54	65	38
74	63	58	41
72	61	60	49
72	40	48	26
77	71	66	21
73	57	45	69
66	64	60	51
68	63	73	53
79	56	74	45
70	54	74	23
76	64	65	53
70	59	56	31
77	67	71	54
71	55	72	52
69	51	68	29
72	69	72	61
69	64	60	57
77	57	68	50
77	58	80	41
71	57	72	33
79	54	55	68
72	73	59	37
74	53	67	48
75	59	70	56
81	64	66	57
81	49	72	59
74	51	60	66
71	51	65	65
77	56	65	42
78	58	62	47
73	54	66	55
68	79	51	40
76	81	54	42
77	53	63	61
71	68	58	38
69	69	50	64
76	54	56	19
70	60	72	37
74	55	52	48
82	53	72	61
73	54	68	42
79	64	50	62
70	54	54	38
75	49	75	23
83	64	54	38
71	58	65	49
69	67	70	50
77	85	59	63
76	38	61	38
72	75	72	47
69	66	56	54
71	62	83	58
78	64	65	50
87	70	48	49
83	66	71	34
80	60	56	72
73	70	46	50
64	65	69	75
73	71	64	52
69	59	66	37
78	45	75	55
63	54	79	21
75	59	70	60
79	62	62	33
83	53	64	47
75	66	66	40
79	68	64	39
77	51	74	45
76	53	58	21
69	58	73	67
77	64	59	56
73	69	46	58
68	57	76	77
73	49	63	47
75	58	54	53
69	57	64	59
69	50	71	60
72	65	60	36
81	61	80	69
74	53	51	36
73	80	62	59
71	77	63	44
84	68	74	69
69	60	73	80
80	71	65	70
75	67	76	44
75	67	71	60
75	59	69	61
77	58	61	44
69	67	56	61
79	47	73	63
73	86	89	34
70	61	65	35
84	59	62	74
70	77	54	36
86	61	55	35
71	66	60	56
74	68	68	29
67	84	72	23
73	74	77	57
73	52	83	50
72	63	64	67
72	52	77	81
67	61	57	38
76	68	67	74
83	55	87	23
74	49	68	52
70	52	51	27
76	61	72	56
75	67	64	55
67	79	70	70
85	73	41	62
72	71	64	53
75	60	57	52
64	43	54	60
81	69	50	25
71	75	66	46
74	51	65	55
57	54	56	68
69	69	82	45
67	45	69	31
72	64	69	62
77	62	73	34
59	42	53	37
72	63	74	57
85	42	62	25
76	60	66	45
79	82	41	44
77	72	49	33
77	81	73	54
77	49	65	77
73	59	82	57
74	63	64	45
77	72	71	26
74	67	67	39
71	53	65	29
70	66	81	56
64	48	60	31
74	49	69	57
72	51	53	46
76	79	74	46
93	50	62	72
74	71	64	68
80	42	70	31
71	65	65	39
73	65	69	70
67	68	68	60
84	47	53	46
70	47	57	56
71	70	67	-1
78	57	62	64
72	58	59	49
72	67	75	64
82	72	63	37
75	48	65	74
72	69	70	51
71	63	75	42
79	59	58	35
70	84	75	43
81	60	56	49
