Camiones con motores diesel
Se sometió a prueba un grupo de camiones ligeros con motores que utilizan diesel como combustible para saber si la humedad, la temperatura del aire y la presión barométrica influyen en la cantidad de óxido nitroso que emiten (en ppm). Las emisiones se midieron en distintos momentos y en diversas condiciones experimentales. (Walpole et al., 2012)
Oxido Nitroso <- y (variable dependiente)
humedad <- x1
temperatura <- x2
presion <- x3

y	x1	x2	x3
1,6	122,06	116	29,84
0,48	99,22	21	29,79
0,2	22,39	99	29,79
0,75	70,48	124	29,75
0,37	120,99	145	29,7
2,21	123,22	100	29,75
0,36	127,21	125	29,72
0,98	35,33	106	29,78
1,45	80,54	106	29,8
0,94	92,11	58	29,75
1,71	113,35	109	29,88
0,51	79,86	83	29,7
0,29	110,3	50	29,88
0,79	156,75	84	29,7
0,65	142,22	97	29,87
0,62	128,76	61	29,95
0,04	75,36	60	29,81
0,26	124,09	79	29,78
1,72	145,04	133	29,86
1,56	139,8	89	29,86
1,07	34,56	81	29,89
1,09	95,8	69	29,78
1,82	133,84	156	29,84
1,92	170,88	57	29,72
0,35	77,97	128	29,93
0,16	145,42	100	29,75
1,35	145,26	95	29,78
1,03	157,63	98	29,88
0,18	97,52	107	29,65
0,46	46,2	56	29,86
0,82	120,58	120	29,8
1,54	162,84	81	29,87
0,87	59,56	64	29,69
0,48	90,82	153	29,81
0,12	95,52	61	29,83
1,78	144,7	168	29,59
1,78	64,81	73	29,62
0,84	80,71	93	29,77
0,86	90,43	44	29,85
0,53	125,16	83	29,68
0,43	84,84	81	29,88
1,51	121,15	77	29,78
0,43	112,93	74	29,79
0,74	122,06	45	29,83
0,76	167,28	102	29,82
0,1	69,91	151	29,84
1,04	83,51	89	29,78
0,44	205,36	63	29,76
0,61	133,95	105	29,82
1,07	120,38	95	29,85
2,4	171,36	46	29,78
1,7	62,38	158	29,66
0,89	107,41	75	29,57
1,94	64,91	95	29,87
1,01	124,36	28	29,87
1,34	133,32	133	29,88
0,72	49,4	74	29,88
1,88	125,93	93	29,85
0,24	74,77	-21	29,81
1,12	75,58	57	29,85
0,64	61,59	47	29,86
0,6	70,54	80	29,69
0,39	110,6	108	29,75
0,86	97,56	-8	29,84
0,14	172,1	75	30,01
0,68	127,21	160	29,78
0,44	108,5	102	29,98
1,78	121,61	123	29,75
3,03	51,22	111	29,66
1,13	132,41	107	29,77
0,56	87,89	110	29,87
2,03	74,2	84	29,73
1,14	157,1	87	29,76
0,77	54,27	110	29,87
2,01	128,77	91	29,75
0,49	99,52	73	29,94
1,72	131,64	67	29,77
2,07	128,12	26	29,75
2,18	116,38	88	29,73
1,59	102,51	77	29,77
0,32	54,35	102	29,9
2,58	93,53	210	29,7
1,78	126,14	89	29,73
0,38	63,24	131	29,84
1,51	157,46	70	29,62
1,24	108,44	87	29,8
2,05	182,24	48	29,77
2,09	72,34	156	29,85
3,46	67,21	62	29,76
0,65	46,31	73	29,58
1,45	105,39	117	29,72
0,96	35,54	77	29,69
1,13	145,25	75	30,09
0,33	95,78	139	29,52
3,6	90,55	98	29,83
0,09	88,46	79	29,82
1,19	8,8	72	29,89
1,42	119,52	119	29,72
0,95	75,35	63	29,81
1,17	116,02	134	29,7
0,48	35,65	88	29,72
0,52	52,21	106	29,68
0,06	122,76	56	29,7
0,89	117,69	74	29,66
1,75	110,49	128	29,68
1,8	169,07	48	29,79
1,4	138,82	80	29,68
0,17	120,65	82	29,88
0,97	62,61	141	29,84
1,95	65,31	108	29,84
1,35	99,44	57	29,89
0,3	158,44	75	29,67
1,31	49,75	106	29,78
0,22	91,5	88	29,85
0,74	86,9	117	29,91
0,69	109,7	14	29,72
0,95	127,26	106	29,76
0,93	55,74	73	29,71
1,57	64,79	89	29,89
0,23	87,71	86	29,87
0,38	136,14	58	29,98
1,38	98,26	98	29,86
0,57	159,36	84	29,95
0,18	96,97	143	29,97
1,83	85,17	88	29,74
0,38	156,24	68	29,53
1,07	85,49	124	29,75
1,94	130,83	86	29,88
0,97	125,08	61	29,84
2,56	80,43	87	29,88
1,76	17,89	141	29,6
0,74	106,97	75	29,76
0,7	161,35	127	29,95
1,25	53,9	85	29,73
0,88	116,99	67	29,69
0,43	60,59	99	29,83
1,17	157,18	82	29,72
1,74	95,91	78	29,87
0,73	97,91	129	29,93
0,61	88,8	65	29,83
2,29	102,49	105	29,66
0,95	105,63	97	29,81
2,2	91,08	38	29,63
1,62	93,63	79	29,7
1,02	129,37	107	29,79
1,27	97,28	71	29,69
1,24	39,4	100	29,6
0,38	55,2	95	30,08
1,19	148,22	128	29,68
1,62	76,05	54	29,73
0,75	122,9	140	29,74
0,54	77,72	39	29,74
0,57	129,26	120	29,88
0,45	85,93	157	29,72
1,36	66,59	111	29,86
0,02	94,85	112	30,08
0,38	67,29	60	29,86
0,28	129,92	94	29,76
0,43	129,48	78	30
1,28	83,7	74	29,89
0,12	147,82	48	29,86
1,07	94,11	76	29,91
0,17	105,44	78	29,84
0,68	116,24	63	29,81
1,24	160,94	82	29,9
1,68	160,04	131	29,96
0,8	105,08	121	29,91
2,41	83,11	76	29,91
0,71	131,31	89	29,93
0,21	139,81	68	29,83
0,52	98,71	103	29,85
0,81	55,55	60	29,94
0,46	123,22	69	29,77
0,72	130,02	98	29,76
0,35	80,61	105	29,89
0,97	65,18	69	29,94
0,22	120,34	131	29,83
0,4	77,78	71	29,9
1,74	103,16	49	29,77
1,73	174,17	125	29,74
1,28	95,55	75	29,79
0,59	145,57	108	29,88
0,75	78,14	69	29,72
1,92	116,25	67	29,7
0,21	179,49	61	29,86
0,1	82,61	103	29,88
0,87	69,24	133	29,88
1,81	128,9	82	29,8
1,44	120,11	133	29,8
0,46	91,26	95	29,89
1,32	66,39	125	29,94
2,09	81,93	116	29,79
0,11	138,29	132	29,77
0,5	214,75	128	29,9
0,09	181,57	67	29,73
0,39	154,14	84	29,91
0,88	100,09	82	29,78
2,01	27,95	78	29,84
0,53	97,36	64	29,77
1,05	65,2	131	29,84

