Consumo de energía eléctrica
Se cree que la energía eléctrica que una planta química consume cada mes se relaciona con:
la temperatura ambiental promedio, X1;
el número de días del mes, X2;
la pureza promedio del producto, X3;
y las toneladas fabricadas del producto, X4.
Se identifica a Y como el consumo de energía eléctrica


y	x1	x2	x3	x4
301	53	25	85	105
250	33	24	86	86
257	42	22	90	101
243	61	23	90	106
271	77	25	90	110
207	78	25	93	101
253	71	25	91	106
286	47	22	90	103
297	62	23	87	102
285	81	24	87	93
304	70	25	89	103
274	38	23	92	98
255	18	24	86	91
281	48	26	88	98
277	58	25	88	101
277	30	25	89	93
263	62	23	90	93
255	61	25	86	97
304	74	26	87	108
300	39	25	88	99
288	51	22	91	98
288	70	24	89	95
306	33	25	92	113
309	47	26	89	93
270	79	23	88	107
258	51	26	92	101
295	23	26	88	100
287	81	26	91	101
266	25	24	90	103
273	93	22	88	93
282	78	25	84	105
299	58	26	89	98
240	57	23	92	94
273	19	24	86	112
259	27	24	90	94
305	52	26	87	115
305	66	23	92	96
282	77	23	89	100
283	30	24	89	90
275	55	25	88	98
272	88	24	89	97
299	62	25	89	97
251	86	25	88	96
244	75	25	89	90
280	63	26	91	102
259	68	23	89	112
287	68	24	85	99
272	36	28	86	94
247	21	25	92	102
288	75	25	88	100
320	58	26	90	90
303	33	23	88	113
283	33	24	91	96
309	35	23	88	100
286	70	25	87	87
294	44	25	89	108
279	36	22	87	96
308	38	25	91	100
268	35	23	91	77
289	19	23	88	93
246	46	23	92	91
247	23	23	89	97
271	47	24	89	103
283	30	24	90	80
258	20	26	92	96
278	76	25	92	113
251	28	24	89	102
305	90	25	88	106
336	30	23	91	104
289	48	25	91	103
275	33	24	89	103
311	59	23	86	98
289	52	26	90	99
280	30	23	91	103
311	37	25	88	99
274	62	24	87	96
304	48	25	90	95
312	51	25	88	86
315	77	25	89	99
301	77	24	93	97
254	19	23	89	102
325	32	24	92	124
305	58	25	88	99
252	81	23	90	108
225	48	26	93	95
292	42	24	88	99
312	60	27	87	91
313	79	23	91	113
346	71	23	90	94
278	52	22	88	96
297	69	24	87	105
285	84	22	88	97
289	46	26	91	96
270	53	24	95	109
350	45	24	94	101
264	36	24	92	97
233	61	21	89	96
296	82	25	85	105
285	54	23	89	94
290	64	25	87	108
